1
0.0023563
0.0005544
0.0006801
0.0010581
0.001856
0.0002016
0.0001366
7.85e-05
0.0001141
8.77e-05
9.02e-05
8.48e-05
0.000112
0.0001057
0.0001199
0.0008214
0.0001744
0.000153
0.0001577
0.0001485
0.0001418
0.000184
0.0001591
0.0001884
0.0001846
0.0001807
0.0002027
0.0002986
0.0002387
0.0002768
0.0006874
0.0011693
0.0005833
0.0009901
0.0017927
0.0016313
0.0013198
0.0010643
0.0023145
0.0020104
0.002149
0.0009722
0.0005946
0.0012155
0.0029013
0.0012221
0.0009002
0.001962
0.0012856
0.0013434
0.0016131
0.0027791
0.0014167
0.0019888
0.0019301
0.0017721
0.0016766
0.0023781
0.0023043
0.0039729
0.0034463
0.002405
0.0010987
0.0010125
0.0036719
0.0036447
0.0018705
0.0008645
0.0010453
0.0021836
0.002309
0.0031593
0.0029479
0.0036435
0.0029465
0.002215
0.0021302
0.0021942
0.0030549
0.0112181
0.0091745
0.0121522
0.0038342
0.0021453
0.0029169
0.0055008
0.0045856
0.0067443
0.0074905
0.0065476
0.0028394
0.0060266
0.0048596
0.0033627
0.0068226
0.0041209
0.0031425
0.0037859
0.0049891
